GAMMA_CURVE 33
0.0
0.0023964600961260806
0.015488917055185764
0.03909091336284838
0.06871923792374703
0.10103161936849049
0.13470893181816976
0.1694695145071324
0.20536453163691185
0.2425872683169238
0.28112486652360985
0.32072414755295614
0.3607051556665379
0.40019331127913477
0.4385100118666203
0.47559501201517246
0.5117496969175948
0.5473074347369632
0.5824646243874346
0.6172335944643786
0.6515529901429657
0.6854075098418076
0.7187837501286062
0.7516261231183603
0.7837799923309956
0.8150480985124237
0.8452362626141761
0.8741841277826861
0.9018002307904549
0.9280715635556607
0.9530723313603463
0.9769704206967865
1.0
