GAMMA_CURVE 33
0.0
0.00412432379806304
0.018398208527592882
0.04229764418142419
0.07195336896187352
0.10401580968424524
0.1372044659090849
0.17135381975356626
0.20660601581845603
0.24318144665846236
0.28107774576180683
0.3200442612764857
0.35940507783329956
0.39829712438968984
0.4360581309337999
0.4726412560095454
0.508349848466634
0.5435037173998282
0.5782760623191036
0.6126720321087344
0.6466436845776634
0.6801084504456258
0.7130614384131914
0.7454664712047334
0.7772630067494377
0.8083742778592267
0.8387120398598427
0.8681458741280047
0.89651227780419
0.9235319200128187
0.9495948242136716
0.9750480091255388
1.0
