GAMMA_CURVE 33
0.0
0.0076904297
0.018493652
0.033447265625
0.05267333984375
0.07574462890625
0.10186767578125
0.1304931640625
0.1611328125
0.19354248046875
0.2274169921875
0.2626953125
0.29925537109375
0.33709716796875
0.3756103515625
0.41357421875
0.449951171875
0.4847412109375
0.51824951171875
0.55084228515625
0.5828857421875
0.61468505859375
0.64642333984375
0.67822265625
0.7099609375
0.74169921875
0.7733154296875
0.80474853515625
0.83587646484375
0.8668212890625
0.897705078125
0.94317
1.00000000
