GAMMA_CURVE 33
0.0
0.00406
0.01841912418603897
0.04100584611296654
0.0683562234044075
0.09942086786031723
0.13241705298423767
0.1668691486120224
0.20432411134243011
0.24229860305786133
0.2806006669998169
0.3196604549884796
0.35911718010902405
0.3992144465446472
0.43822789192199707
0.4762716591358185
0.5138078331947327
0.5504989624023438
0.5866568088531494
0.622438907623291
0.6577579975128174
0.6910770535469055
0.7229642868041992
0.7541217803955078
0.7847977876663208
0.81464022397995
0.8431360125541687
0.870916485786438
0.8979927897453308
0.9242886304855347
0.9499596357345581
0.9751985669136047
1.0
